omxosr = { #Added with Modding Overhaul
	location = 2816
	color = {72 226 70}
	members = {
		2816 2674 2679 2683 2692 2702 2705 2720 2732 2742 2743 2752 2755 2763 2770 2773 2785 2795 2810 2811 2821 2828 2831 2833 2841 2845 2848 2854 2855 2858 2866 2867 2869 2873 2875 2876 2882 2888 2893 2894 2895 2898 2902 2903 2906 2907 2924 2928 2945 2953 
	}
}

merfi = { #Added with Modding Overhaul
	location = 3009
	color = {204 141 68}
	members = {
		3009 2909 2915 2916 2920 2921 2922 2931 2932 2937 2939 2954 2955 2957 2959 2963 2968 2977 2978 2981 2982 2985 2991 2993 2994 3002 3004 3008 3014 3015 3016 3026 3028 3030 3034 3037 3041 3044 3045 3050 3051 3058 3062 3067 3070 3071 3073 3077 3078 3079 3088 3091 3095 3096 3097 3100 3101 3105 3107 3111 3113 3115 3116 3120 3122 3123 3125 3130 3132 3133 3136 3137 3139 3141 3144 3146 3147 3148 3150 3154 3156 3159 3160 3162 3173 3177 
	}
}

hyperion = { #Added with Modding Overhaul
	location = 2564
	color = {16 60 192}
	members = {
		2929 2606 906 1990 1995 2005 2006 2009 2015 2035 2045 2049 2052 2053 2057 2065 2070 2074 2081 2092 2095 2099 2102 2108 2109 2110 2111 2115 2118 2119 2125 2126 2134 2136 2142 2146 2153 2154 2155 2163 2166 2172 2173 2176 2177 2178 2179 2182 2195 2206 2208 2209 2210 2211 2215 2219 2231 2234 2235 2242 2243 2244 2252 2253 2262 2265 2266 2275 2276 2278 2281 2298 2299 2300 2304 2305 2307 2308 2309 2311 2312 2316 2324 2325 2336 2337 2338 2341 2343 2349 2351 2352 2353 2356 2358 2361 2364 2365 2369 2373 2374 2375 2376 2383 2386 2392 2393 2394 2402 2405 2407 2409 2412 2413 2416 2420 2423 2424 2425 2427 2431 2437 2444 2445 2447 2451 2457 2460 2461 2463 2464 2468 2473 2474 2477 2481 2482 2483 2485 2486 2490 2495 2497 2498 2504 2505 2506 2507 2508 2513 2514 2515 2520 2523 2528 2529 2534 2536 2537 2539 2540 2541 2542 2545 2548 2549 2550 2551 2557 2558 2564 2568 2569 2570 2573 2574 2577 2578 2579 2588 2589 2592 2595 2596 2602 2603 2604 2605 2607 2614 2619 2625 2626 2630 2635 2636 2639 2640 2641 2642 2648 2655 2658 2659 2660 2661 2664 2667 2668 2675 2680 2684 2685 2686 2687 2691 2693 2695 2696 2697 2703 2706 2709 2710 2712 2715 2716 2718 2719 2728 2733 2734 2739 2740 2744 2745 2746 2748 2753 2754 2756 2764 2765 2766 2769 2772 2774 2775 2779 2786 2787 2791 2796 2797 2805 2808 2813 2814 2817 2818 2819 2822 2823 2834 2838 2844 2846 2849 2850 2852 2856 2870 2871 2874 2877 2879 2880 2910 3031 3010 3017 3018 3046 
	}
}

kpdnjk = { #Added with Modding Overhaul
	location = 2202
	color = {42 209 165}
	members = {
		2073 2152 2138 1430 2202 2128 2080 2201 2297 2233 2141 2029 1975 2004 2072 2251 2207 2151 1945 2091 2277 2238 2185 2117 2039 2034 1980 1944 2133 2285 617 2114 2135 2161 2165 2191 2197 2205 2214 2230 2240 2241 2250 2264 2274 2279 2280 2310 2323 2332 2334 2347 2084 2008 1958 1953 2064 2019 2024 2051 2098 2162 2127 2083 798 2190 2139 2069 2044 2026 1977 1974 2001 2023 2022 2068 2048 2090 2038 2079 2089 2096 2224 2189 2150 2097 
	}
}

sluoj = { #Added with Modding Overhaul
	location = 1773
	color = {204 225 227}
	members = {
		1551 1313 1314 1316 1317 1319 1320 1322 1323 1324 1325 1333 1335 1337 1340 1341 1342 1344 1346 1349 1352 1359 1363 1364 1366 1372 1373 1375 1382 1386 1387 1390 1391 1395 1397 1398 1399 1402 1403 1405 1407 1408 1409 1410 1411 1415 1416 1423 1431 1432 1433 1437 1438 1439 1443 1449 1453 1454 1455 1459 1474 1475 1476 1477 1483 1485 1486 1492 1494 1499 1504 1513 1518 1519 1522 1531 1532 1539 1543 1559 1572 1573 1582 1583 1584 1593 1594 1613 1618 1619 1626 1631 1632 1633 1641 1646 1664 1667 1672 1673 1682 1683 1687 1688 1700 1701 1702 1707 1714 1717 1719 1720 1731 1734 1740 1748 1753 1761 1772 1773 1778 1798 1805 1816 
	}
}

rraopo = { #Added with Modding Overhaul
	location = 1424
	color = {180 222 107}
	members = {
		1689 158 1326 1329 1331 1332 1345 1347 1354 1355 1368 1371 1376 1377 1378 1379 1380 1383 1388 1393 1394 1396 1404 1417 1419 1425 1426 1440 1444 1450 1451 1460 1461 1466 1470 1478 1479 1487 1491 1500 1501 1502 1505 1509 1514 1515 1523 1524 1528 1533 1540 1541 1542 1548 1556 1574 1577 1585 1586 1587 1590 1595 1601 1604 1609 1611 1625 1634 1642 1648 1655 1656 1660 1665 1674 1703 1704 1705 1708 1715 1735 1736 1750 1774 1789 1424 1334 1338 1353 1360 1361 1367 1392 1400 1412 1435 1456 1465 
	}
}

urqwc = { #Added with Modding Overhaul
	location = 2174
	color = {103 56 16}
	members = {
		1930 1675 1721 1722 1723 1741 1766 1767 1779 1780 1799 1807 1808 1818 1820 1833 1840 1854 1868 1874 1875 1880 1890 1910 1929 1935 1969 1972 1983 1997 2010 2027 2030 2085 2086 2093 1661 1591 1612 1643 1662 1668 1669 1692 1697 1724 1732 1963 1902 1903 1928 1933 1978 2025 1862 1817 1845 1857 1892 1901 1920 1922 1961 1962 2174 2181 2183 2254 2263 2267 2272 
	}
}

lwzjes = { #Added with Modding Overhaul
	location = 2129
	color = {164 6 88}
	members = {
		1883 1829 1832 1837 1844 1851 1861 1867 1884 1896 1900 1908 1749 1765 1784 1786 1803 1806 1982 1885 1909 1924 1954 1968 1981 2040 2129 1976 1996 2021 2054 2055 2075 2076 2130 2131 2132 2140 2167 2180 2196 2203 2204 2212 2216 2245 2246 2271 2290 2295 2317 2318 2329 
	}
}

bgcvqv = { #Added with Modding Overhaul
	location = 2350
	color = {105 223 92}
	members = {
		2546 2458 2475 2487 2510 2524 2538 2559 2571 2580 2597 2598 2609 2610 2620 2632 2643 2647 2389 2330 2339 2370 2371 2377 2418 2428 2432 2441 2452 2471 2472 2499 2350 2103 2104 2120 2149 2168 2198 2226 2232 2239 2249 2286 2291 2301 2320 2326 2348 2354 2362 2378 2387 2390 2391 2399 2403 2414 2421 2426 2433 2436 2448 2465 2488 2491 2521 
	}
}

llrqnm = { #Added with Modding Overhaul
	location = 3042
	color = {73 136 57}
	members = {
		3119 3082 3086 3089 3090 3092 3093 3094 3099 3102 3104 3106 3109 3110 3112 3114 3117 3124 3128 3072 3036 3043 3047 3048 3056 3059 3063 3064 3065 3066 3068 3069 3075 3080 3081 3084 3042 2996 3003 3012 3020 3027 3033 3035 3038 3052 3055 3060 3061 3076 3085 3087 3098 3108 
	}
}

mamqsw = { #Added with Modding Overhaul
	location = 2868
	color = {243 63 181}
	members = {
		2983 2961 2962 2969 2971 2986 3000 3007 3013 3024 2997 2914 2918 2919 2926 2942 2944 2949 2950 2952 2956 2966 2967 2972 2973 2974 2975 2976 2987 2992 3006 3021 3022 3032 3040 3049 3053 3054 2905 2701 2731 2737 2751 2758 2778 2790 2801 2807 2825 2840 2851 2853 2864 2865 2885 2886 2887 2890 2891 2901 2930 2933 2934 2948 2868 2809 2815 2829 2836 2839 2857 2861 2862 2863 2872 2878 2881 2884 2896 2897 2900 2904 2917 2923 2925 2936 2941 2951 
	}
}

aowrh = { #Added with Modding Overhaul
	location = 2771
	color = {172 54 107}
	members = {
		2892 2824 2826 2835 2847 2860 2883 2889 2899 2911 2912 2913 2938 2940 2947 2958 2960 2964 2965 2979 2995 2999 3011 3023 2771 2492 2516 2533 2535 2547 2552 2576 2581 2585 2615 2621 2623 2627 2631 2649 2650 2662 2665 2688 2725 2750 2788 2794 2820 2832 2859 
	}
}

onczk = { #Added with Modding Overhaul
	location = 1747
	color = {67 133 134}
	members = {
		1785 1747 1654 1610 1547 1866 1827 1764 1713 1858 1600 1812 1771 1852 1758 1686 1640 1546 1652 1712 1839 1770 1824 1498 1571 1663 1545 1647 1694 1783 1877 1630 1744 1802 1849 1879 1915 1826 1777 1716 1696 1760 1822 1876 1914 1940 1797 1871 1888 1853 1938 1489 1511 1560 1599 1365 1567 1592 1442 1384 1358 1374 1429 1469 1452 1458 1521 1598 1385 1422 1351 1362 1421 1468 1493 1356 1381 1537 1639 1727 1823 1728 1836 1882 1536 1564 1608 1597 1575 1629 1526 1581 1825 1865 1919 1850 1939 
	}
}

pfptcu = { #Added with Modding Overhaul
	location = 1606
	color = {132 169 35}
	members = {
		1428 1406 1427 1434 1446 1462 1467 1471 1480 1484 1495 1506 1512 1516 1517 1544 1549 1552 1553 1561 1568 1578 1588 1602 1605 1606 1607 1620 1627 1635 1636 1649 1653 
	}
}

qqoeki = { #Added with Modding Overhaul
	location = 1842
	color = {232 85 72}
	members = {
		2410 2366 2315 2287 2257 2220 2192 2143 2100 2058 2007 1966 1925 1906 1863 1788 1752 1729 1710 1657 1658 1846 1942 1986 2056 2121 2169 2217 2268 1810 1869 2321 2256 2227 2186 2137 2042 2011 1973 1775 1678 1738 1886 1926 2066 2255 2199 2158 2112 2032 2002 1970 1932 1842 1809 1756 2088 2046 1998 1959 1894 1790 1726 1677 1698 1739 1859 1921 2105 2157 1725 1768 1804 1841 1905 1950 1965 2031 2087 2028 1991 1676 1737 1787 1819 1873 1916 1949 1987 2041 2061 2016 1985 1964 1934 1897 1855 1814 1755 1762 1931 1948 1955 1893 
	}
}

abcjt = { #Added with Modding Overhaul
	location = 1624
	color = {17 116 158}
	members = {
		1623 1418 1457 1670 1754 1745 1746 1742 1796 1743 1811 1782 1795 1801 1769 1794 1733 1763 1730 1693 1718 1690 1651 1621 1666 1650 1699 1706 1679 1680 1711 1695 1709 1684 1685 1565 1562 1550 1566 1616 1579 1614 1624 1637 1596 1638 1615 1644 1628 1622 1570 1530 1497 1481 1441 1370 1357 1350 1580 1681 1659 1535 1563 1557 1603 1569 1558 1520 1464 1413 1369 1510 1554 1503 1473 1420 1401 1445 1463 1414 1508 1488 1529 1507 1482 1448 1447 1436 1472 1534 1525 1490 1527 
	}
}

hzxaues = { #Added with Modding Overhaul
	location = 2776
	color = {243 210 197}
	members = {
		2479 2652 2671 2381 2415 2470 2480 2518 2527 2502 2522 2554 2572 2582 2599 2611 2676 2681 2729 2663 2628 2561 2503 2440 2456 2526 2493 2563 2512 2556 2544 2519 2601 2594 2634 2651 2682 2717 2768 2806 2837 2830 2827 2799 2776 2761 2792 2789 2798 2704 2669 2622 2698 2726 2723 2749 2735 2713 2694 2757 2736 2741 2767 2747 2781 2800 2780 2762 2711 2714 2699 2700 2644 2670 2666 2657 2638 2629 2645 2616 2584 2613 2612 2565 2562 2575 2624 2678 2653 2656 2633 2646 2673 2677 2724 2730 2777 2600 2555 2583 2617 2156 2707 
	}
}
rcpuh = { #Added with Modding Overhaul
	location = 1123
	color = {178 163 22}
	members = {
		1296 1229 1231 1239 1242 1247 1249 1263 1264 1267 1274 1275 1276 1279 1281 1282 1283 1287 1289 1290 1292 1293 1295 1298 1299 1300 1301 1302 1304 1306 1273 1254 1255 1259 1261 1262 1266 1268 1269 1270 1271 1272 1277 1278 1252 1243 1096 1069 1086 1111 1124 1123 1140 1146 1145 1158 1161 1156 1164 1170 1169 1179 1181 1187 1186 1189 1188 1191 1183 1190 1213 1223 1214 1220 1216 1217 1202 1192 1235 1238 1234 1245 1246 1240 1224 1218 1227 1206 1104 1091 1194 
	}
}

ekqroja = { #Added with Modding Overhaul
	location = 913
	color = {148 215 5}
	members = {
		997 939 955 914 930 973 1026 956 867 886 866 844 850 876 900 913 946 908 865 836 833 811 782 764 763 786 792 795 832 828 849 875 861 814 881 966 
	}
}

tytgv = { #Added with Modding Overhaul
	location = 851
	color = {38 209 146}
	members = {
		851 816 755 700 652 524 500 447 601 708 740 794 825 754 685 459 531 605 757 684 467 503 555 622 759 706 661 599 477 499 539 610 657 705 739 704 670 559 625 537 581 545 646 594 650 692 570 548 
	}
}

yribjdu = { #Added with Modding Overhaul
	location = 273
	color = {90 13 135}
	members = {
		102 88 376 82 59 89 104 108 124 135 123 117 125 103 128 140 133 141 155 183 201 207 236 211 186 234 273 294 377 371 407 314 368 358 320 282 269 148 150 167 196 218 256 293 313 266 225 230 178 235 391 290 310 228 247 200 166 146 145 162 176 185 243 208 307 329 393 355 388 
	}
}

iqazgrj = { #Added with Modding Overhaul
	location = 3190
	color = {204 31 212}
	members = {
		3190 3297 3294 3295 3288 3282 3277 3272 3276 3280 3287 3292 3279 3267 3260 3269 3275 3284 3290 3293 3291 3278 3270 3264 3263 3262 3247 3252 3240 3225 3251 3211 3193 3207 3209 3222 3238 3226 3158 3176 3175 3151 3172 3180 3195 3185 3164 3188 3145 3138 3163 3174 3143 3169 3181 3197 3194 3200 3186 3210 3214 3229 3233 3235 3199 3217 3256 3273 3243 3224 3232 3244 3241 3206 3231 3246 3219 3221 3223 3248 3258 3259 3255 3242 3257 3236 3216 3228 3239 3250 3203 3205 3213 3218 3202 3182 3183 3165 3171 3152 3131 3153 3134 3155 3166 3189 3196 3198 3230 3168 3208 3178 3187 3161 3142 3204 3289 3299 3261 3220 3266 3254 3253 3237 3184 3179 
	}
}

mzptpuw = { #Added with Modding Overhaul
	location = 3333
	color = {27 98 130}
	members = {
		3445 3444 3441 3437 3438 3440 3435 3431 3436 3432 3430 3426 3429 3427 3424 3423 3413 3414 3420 3407 3401 3411 3406 3402 3397 3393 3387 3390 3375 3371 3377 3376 3386 3370 3374 3379 3366 3363 3365 3346 3344 3350 3358 3351 3359 3348 3338 3334 3345 3335 3326 3323 3389 3392 3383 3339 3417 3419 3412 3418 3425 3421 3408 3405 3388 3384 3400 3394 3391 3396 3404 3373 3367 3380 3382 3385 3362 3372 3368 3369 3364 3347 3357 3354 3343 3336 3325 3333 3324 3319 3313 3316 3320 3331 3330 3341 3337 3340 3356 3353 3355 3381 3410 3409 3403 3416 3349 3314 3312 3310 3309 3311 3306 3305 3304 3315 3317 3321 3329 
	}
}

gbrlfl = { #Added with Modding Overhaul
	location = 3705
	color = {192 86 135}
	members = {
		3757 3705 3662 3621 3602 3570 3552 3550 3623 3651 3678 3695 3724 3670 3626 3598 3575 3549 3752 3593
	}
}
aiyrvnn = { #Added with Modding Overhaul
	location = 1036
	color = {221 130 0}
	members = {
		917 871 666 1024 1021 1053 1075 1046 1001 1033 1076 1094 1108 1098 1095 1128 1138 1167 1175 1152 1134 1116 1089 1036 1034 1070 1063 1092 1109 1130 1153 1171 1196 1219 1210 1198 1211 1226 1225 1236 1248 1237 1241 1258 1260 1250 624 1222 1212 1207 1197 1199 1200 1180 1168 1184 1154 1160 1139 1172 1185 1176 1131 1132 1155 1201 1121 1144 1159 1103 1129 1135 1078 1110 1114 1065 1064 1085 1105 1037 1099 1120 1090 1039 1173 
	}
}

klqxo = { #Added with Modding Overhaul
	location = 4240
	color = {145 66 72}
	members = {
		4288 4262 4272 4279 4253 4251 4243 4229 4209 4213 4226 4233 4245 4191 4218 4224 4214 4211 4232 4188 4187 4199 4195 4186 4190 4212 4216 4210 
	}
}

divha = { #Added with Modding Overhaul
	location = 4151
	color = {64 120 43}
	members = {
		4108 4157 4121 4143 4092 4075 4040 4030 4027 4054 4083 4100 4041 4058 4071 4094 4099 4122 4132 4135 4123 4154 4162 4165 4183 4192 4196 4175 4158 4149 4130 4055 4018 4034 4038 4066 4069 4087 4089 4096 4117 4118 4115 4133 4136 4128 4101 4104 4078 3992 3986 4009 4015 4023 4056 4106 4025 4011 4140 4177 4217 4221 4151 
	}
}

szftspi = { #Added with Modding Overhaul
	location = 3864
	color = {55 156 206}
	members = {
		3861 3955 3961 3985 3996 4013 4000 3976 3954 3935 3939 3931 3905 3910 3917 3915 3921 3924 3925 3933 3950 3940 3966 3982 3958 3994 3979 3963 3938 3934 3922 3918 3927 3912 3901 3892 3899 3888 3872 3864 3887 3875 3878 3867 3906 3862 3863 3861 3882 3874 3893 3903 3908 3916 3926 3941 
	}
}
xrdglsl = { #Added with Modding Overhaul
	location = 4053
	color = {0 102 17}
	members = {
		4080 4131 4170 4148 4168 4153 4164 4184 4215 4176 4203 4159 4134 4125 4138 4116 4097 4074 4047 4026 4065 4005 4008 3977 3965 3953 3948 3984 4020 4037 4053 4091 4086 4063 4044 4003 4032 4064 4077 4111 4105 4095 4033 4031 4068 4004 3981 3980 4012 3960 
	}
}

efmihjq = { #Added with Modding Overhaul
	location = 3761
	color = {181 13 55}
	members = {
		3845 3833 3858 3857 3886 3866 3895 3898 3873 3877 3847 3871 3851 3842 3856 3831 3827 3811 3829 3804 3789 3787 3779 3775 3783 3788 3768 3770 3793 3792 3795 3812 3801 3806 3803 3821 3830 3844 3834 
	}
}

xesxkhs = { #Added with Modding Overhaul
	location = 24
	color = {23 59 90}
	members = {
		4338 4254 4234 4270 4250 4264 4284 4289 4246 4205 4189 4201 4198 4179 4204 4225 4265 4278 4303 4328 4340 4352 4355 4358 4346 4330 4308 4304 4283 4294 4249 4263 4230 4244 4309 4327 4329 4364 4261 66 19 20 40 56 42 49 30 21 57 52 36 24 31 23 44 69 70 50 22 
	}
}

cszdcbz = { #Added with Modding Overhaul
	location = 3660
	color = {88 41 56}
	members = {
		3697 3698 3716 3721  3772 3764 3750 3735 3722 3710 3702 3704 3689 3691 3682 3673 3659 3641 3636 3652 3671 3687 3700 3707 3711 3723 3738 3748 3730 3729 3734 3727 3726 3720 3699 3686 3663 3660 3681 3701 3706 3728 3753 3763 3771 3754 3744 3745 3755 3739 3749 3737 3719 3718 3690 3694 3717 3675 3679 3685 
	}
}

xhrrv = { #Added with Modding Overhaul
	location = 3818
	color = {17 78 83}
	members = {
		3818 3802 3800 3786 3797 3790 3774 3773 3769 3746 3740 3741 3751 3767 3782 3725 3742 3758 3766 3776 3780 3791 3785 3794 3784 3796 3799 3817 3781 3765 3777 3714 3703 3731 3756 3709 3733 3736 3683 3713 3712 3715 3732 3692 3667 3661 3648 3639 3625 3614 3606 3611 3624 3644 3668 3666 3640 3627 3617 3669 3657 3635 3658 3656 3630 3677 3688 3693 
	}
}

qjjznj = { #Added with Modding Overhaul
	location = 1
	color = {61 215 233}
	members = {
		4347 4350 149 93 67 38 106 2 35 81 96 48 3 4 58 136 53 
	}
}

pwwlqai = { #Added with Modding Overhaul
	location = 636
	color = {38 253 247}
	members = {
		829 827 803 765 716 703 693 662 673 694 726 751 796 812 774 741 773 607 582 540 562 614 636 669 658 701 729 713 629 573 525 526 556 595 618 665 619 668 717 766 723 697 677 637 642 606 586 574 550 501 497 512 471 420 401 448 344 384 410 341 396 481 528 340 419 449 484 295 301 538 577 578 549 490 460 390 389 383 439 451 452 324 239 285 336 363 241 258 248 508 315 360 414 474 504 362 394 454 455 431 311 332 350 265 257 303 271 237 412 742 783 
	}
}

fusegrd = { #Added with Modding Overhaul
	location = 868
	color = {174 158 137}
	members = {
		868 855 853 846 818 760 772 722 820 864 925 967 1019 1060 1079 1118 1117 1149 1174 1208 1232 1244 1228 1215 1195 1165 1136 988 963 1027 1080 1102 1125 1141 1142 1163 1178 1204 1230 1209 1166 1157 1143 1147 1150 1205 1133 1106 1052 1012 989 964 937 887 893 890 912 883 916 904 927 1084 1058 1038 1000 968 1062 1081 1061 1028 990 977 1020 1045 1015 951 1057 1097 1083 1088 1113 1122 1148 1119 1137 1151 1082 1087 1056 1043 1042 1077 941 998 933 976 1007 1013 1100 1127 1126 
	}
}

vtyyz = { #Added with Modding Overhaul
	location = 3517
	color = {141 255 70}
	members = {
		3501 3655 3674 3665 3645 3629 3619 3609 3597 3592 3586 3572 3555 3558 3545 3530 3512 3479 3483 3456 3467 3452 3470 3491 3506 3517 3525 3520 3539 3562 3587 3589 3577 3565 3554 3538 3522 3503 3515 3497 3473 3454 3486 3477 3481 3499 3509 3664 3653 3672 3647 3631 3615 3637 3643 3633 3622 3634 3632 3620 3618 3616 3654 3642 3612 3607 3585 3578 3584 3605 3560 3566 3536 3537 3564 3594 3596 3535 
	}
}

xngkczk = { #Added with Modding Overhaul
	location = 3446
	color = {126 72 191}
	members = {
		3475 3531 3601 3573 3557 3553 3534 3519 3500 3478 3457 3548 3561 3574 3579 3588 3533 3516 3496 3458 3476 3567 3556 3541 3529 3508 3494 3463 3511 3532 3591 3547 3485 3462 3498 3507 3524 3563 3571 3583 3600 3610 3582 3590 3544 3543 3528 3521 3505 3502 3510 3488 3489 3487 3484 3493 3482 3468 3464 3465 3459 3608 3604 3580 3569 3568 3559 3551 3527 3523 3495 3513 3461 3471 3453 3442 3446 3447 3448 3455 3490 3504 3492 3480 3469 3466 3472 3460 3514 
	}
}

wlttuus = { #Added with Modding Overhaul
	location = 41
	color = {30 39 177}
	members = {
		4282 4296 4321 4339 4357 4367 4361 4341 4315 4298 4314 4318 4343 4359 4360 4370 4366 4368 4349 4362 4336 4348 4334 4320 4311 74 51 47 18 17 29 80 16 46 75 87 79 63 34 68 92 95 15 39 14 41 13 55 84 101 121 116 71 
	}
}
wyewku = { #Added with Modding Overhaul
	location = 163
	color = {227 88 248}
	members = {
		139 127 115 110 86 76 54 32 11 28 45 138 142 154 130 113 122 94 78 61 98 43 111 156 170 198 197 165 172 132 227 232 263 276 260 223 206 169 134 144 231 210 177 153 205 163 179 
	}
}

nmdoiw = { #Added with Modding Overhaul
	location = 2314
	color = {187 198 10}
	members = {
		217 222 245 279 280 249 296 316 346 387 416 440 487 521 529 564 588 609 546 543 579 486 469 433 364 312 278 238 244 251 267 298 319 339 380 359 334 379 402 432 456 515 450 509 542 400 304 337 415 381 461 575 571 519 478 468 465 437 427 338 351 283 286 287 275 270 342 399 507 505 398 397 475 514 532 485 435 408 2314 
	}
}

gsifv = { #Added with Modding Overhaul
	location = 3968
	color = {108 84 198}
	members = {
		3989 4007 4017 4006 3995 3975 3956 3930 3909 3897 3929 3920 3945 3952 3947 3971 3968 3990 3991 3988 3978 3957 3970 3942 3923 4024 4014 3983 3951 3928 3937 3913 3900 3880 3881 3902 3911 3936 3967 3974 3999 4010 
	}
}

zbkqzb = { #Added with Modding Overhaul
	location = 3820
	color = {159 196 211}
	members = {
		3854 3849 3865 3876 3884 3879 3868 3850 3837 3836 3855 3848 3828 3840 3841 3825 3819 3816 3810 3826 3820 3824 3838 3823 3808 3807 3839 3832 3813 3805 3822 
	}
}

sectk = { #Added with Modding Overhaul
	location = 3919
	color = {139 151 212}
	members = {
		3860 3885 3914 3943 3959 3972 3973 3962 3932 3907 3883 3894 3919 3949 3890 3859 3852 3896 3904 3946 3870 3853 
	}
}

yyigsb = { #Added with Modding Overhaul
	location = 4137
	color = {92 93 144}
	members = {
		3993 4002 3987 4016 3998 4029 4022 4052 4036 4062 4085 4112 4127 4150 4163 4167 4182 4156 4166 4181 4207 4178 4137 4139 4155 4169 4194 4180 4173 4193 4174 4171 4146 4147 4142 4126 4129 4119 4114 4113 4090 4070 4059 4035 4046 4057 4103 4093 4079 4021 3997 4045 4227 4073 4228 4200 
	}
}
luqgldg = { #Added with Modding Overhaul
	location = 4084
	color = {160 252 139}
	members = {
		4061 4028 4019 4042 4049 4043 4039 4060 4051 4050 4084 4098 4145 4144 4120 4107 4110 4081 4076 4088 4067 4102 4141 
	}
}
bsmadz = { #Added with Modding Overhaul
	location = 4285
	color = {85 134 222}
	members = {
		4197 4202 4208 4237 4231 4255 4286 4274 4241 4219 4238 4269 4266 4257 4242 4247 4239 4280 4275 4281 4259 4285 4299 4297 4312 4310 4302 4324 4319 4301 4337 4342 4332 4331 4353 4345 4356 4351 4369 4344 4333 4354 4317 4322 4306 4316 4300 4295 4291 4271 4260 4273 4252 4248 4267 4325 4363 4276 
	}
}

dljqb = { #Added with Modding Overhaul
	location = 137
	color = {5 211 214}
	members = {
		188 191 157 152 151 184 168 175 213 240 129 131 126 119 147 137 100 83 91 109 77 65 85 107 112 60 73 72 37 7 33 8 
	}
}

smsjles = { #Added with Modding Overhaul
	location = 436
	color = {236 167 118}
	members = {
		436 403 1048 1014 979 944 922 898 862 843 817 805 901 891 872 852 791 1009 957 915 888 863 826 799 762 921 947 969 745 724 695 663 640 623 598 561 541 533 560 565 597 630 608 591 583 602 644 647 679 674 638 643 678 688 649 682 698 719 709 727 712 733 744 804 793 761 775 743 813 835 856 896 943 986 965 959 1002 993 1030 1040 1025 1054 1003 983 952 920 905 940 931 892 897 878 877 847 845 767 736 511 453 462 488 510 
	}
}

brhyjlb = { #Added with Modding Overhaul
	location = 361
	color = {196 208 50}
	members = {
		317 375 392 470 413 352 333 302 289 255 219 199 181 187 190 212 233 254 272 300 328 349 367 418 442 480 464 523 520 518 506 496 476 458 429 444 426 421 446 430 479 406 318 202 216 193 214 246 221 262 306 291 331 327 374 411 405 423 370 322 305 268 252 215 195 253 281 299 326 204 386 348 345 354 382 369 378 330 180 473 498 527 536 522 495 466 457 438 417 366 357 361 373 325 242 274 309 323 288 229 209 192 173 160 224 250 297 264 226 189 194 174 284 261 292 343 425 
	}
}

khtyp = { #Added with Modding Overhaul
	location = 730
	color = {249 96 52}
	members = {
		321 385 353 365 404 347 308 428 372 424 434 492 517 530 551 584 616 615 653 664 645 612 626 567 544 535 493 482 589 592 553 534 502 441 472 494 489 463 443 566 513 547 516 576 580 557 603 631 639 675 710 730 683 672 655 628 659 634 687 690 
	}
}

llwbc = { #Added with Modding Overhaul
	location = 721
	color = {206 131 79}
	members = {
		981 600 667 632 568 552 558 572 585 569 554 590 596 593 633 654 660 635 621 604 641 651 656 681 711 734 749 769 735 699 676 691 721 725 714 715 753 790 819 837 874 894 926 935 962 995 1029 1018 1049 1068 1093 1073 1055 1050 1023 1041 1011 996 972 982 1006 1010 975 948 945 942 954 971 953 924 910 929 903 889 879 907 911 885 870 880 838 842 831 830 858 823 822 809 808 785 788 781 787 780 784 797 752 776 756 748 707 738 648 747 750 802 800 854 1035 1066 991 1032 1047 980 985 994 1017 958 961 1005 932 689 620 
	}
}

jhxlnk = { #Added with Modding Overhaul
	location = 789
	color = {118 52 25}
	members = {
		680 728 696 1059 992 928 895 857 834 807 768 720 746 789 758 777 731 737 810 848 884 1031 1004 970 934 923 821 860 902 949 938 882 984 1022 1044 999 960 918 899 873 840 841 806 779 801 
	}
}

vtaqh = { #Added with Modding Overhaul
	location = 1993
	color = {239 54 211}
	members = {
		2059 2062 1881 1821 1984 1907 1870 1856 1848 1847 1835 1830 1843 1793 1781 1792 1757 1776 1791 1751 1800 1834 1878 1917 1951 1992 2020 2043 2077 2082 2078 2036 1999 2012 1993 1967 1923 1918 1946 1887 1864 1860 1838 1815 2003 1956 1936 1988 2037 1904 1911 1937 2000 1989 1943 2033 2018 2050 1889 1912 1913 1895 1891 1927 1952 1960 1979 2047 1994 1971 2063 2106 2107 2124 2067 2071 2014 2013 
	}
}

pnuqpkb = { #Added with Modding Overhaul
	location = 2435
	color = {24 141 237}
	members = {
		2160 2170 2187 2148 2159 2319 2340 2289 2259 2221 2213 2368 2346 2313 2270 2188 2200 2237 2284 2303 2292 2258 2342 2360 2328 2359 2398 2442 2435 2532 2525 2489 2466 2467 2434 2484 2454 2422 2411 2380 2331 2302 2273 2236 2229 2269 2345 2296 2367 2385 2384 2404 2401 2419 
	}
}

qsymheq = { #Added with Modding Overhaul
	location = 2184
	color = {108 157 6}
	members = {
		2453 2637 2586 2560 2517 2478 2429 2400 2388 2363 2344 2322 2288 2248 2222 2194 2184 2145 2164 2122 2123 2113 2101 2144 2147 2193 2228 2260 2306 2355 2406 2379 2327 2282 2225 2446 2500 2511 2543 2566 2593 2590 2553 2530 2501 2531 2494 2439 2476 2469 2438 2396 2395 2397 2357 2333 2283 2247 
	}
}